#JOSM PicLayer plugin calibration data
#Sun Mar 01 20:55:30 BRT 2015
POSITION_Y=-3508114.3593459404
POSITION_X=-5702465.032585623
M12=64.67828353406732
M11=0.8253356149096794
M10=-0.5646424733950363
M02=-19.545682199045864
INITIAL_SCALE=13.42068835364501
M01=0.5646424733950363
M00=0.8253356149096794
