#JOSM PicLayer plugin calibration data
#Sun Nov 16 18:10:14 BRST 2014
POSITION_Y=-3508164.510704777
POSITION_X=-5702418.611751807
M12=-108.57340486269135
M11=0.24345299504901224
M10=-0.16655515501405713
M02=-60.36172457391275
INITIAL_SCALE=30.676190648140494
M01=0.16655515501405713
M00=0.24345299504901224
